The counts file has 2827542 sites.
Species                          Total sites                     Lost sites                      Lost ratio
Gorilla_beringei_graueri         2827542                         3712                            0.001
Gorilla_gorilla_dielhi           2827542                         6139                            0.002
Gorilla_gorilla_gorilla          2827542                         14450                           0.005
Homo_sapiens_afr                 2827542                         407                             0.000
Homo_sapiens_nonAfr              2827542                         586                             0.000
Pan_paniscus                     2827542                         3302                            0.001
Pan_troglodytes_ellioti          2827542                         1803                            0.001
Pan_troglodytes_schweinfurthii   2827542                         4566                            0.002
Pan_troglodytes_troglodytes      2827542                         4857                            0.002
Pan_troglodytes_verus            2827542                         3631                            0.001
Pongo_abelii                     2827542                         2924                            0.001
Pongo_pygmaeus                   2827542                         2774                            0.001



Gorilla_beringei_graueri
A-C
844903 34 15 22 23 32 615513 
A-G
666554 273 184 164 149 207 615513 
A-T
694492 19 7 9 8 17 615513 
C-G
666554 38 31 33 32 58 844903 
C-T
694492 181 161 150 150 232 844903 
G-T
694492 40 25 15 26 33 666554 

Gorilla_gorilla_dielhi
A-C
844295 93 615302 
A-G
665869 742 615302 
A-T
694224 41 615302 
C-G
665869 129 844295 
C-T
694224 637 844295 
G-T
694224 71 665869 

Gorilla_gorilla_gorilla
A-C
839959 83 35 23 23 21 11 15 6 2 6 9 2 3 2 3 2 4 1 1 3 1 1 2 0 4 1 0 0 0 1 0 1 1 0 0 1 1 2 5 1 0 1 3 3 0 3 4 7 4 11 14 8 54 612727 
A-G
661019 614 357 252 189 172 109 91 60 58 50 37 41 41 28 30 31 22 20 19 22 12 18 26 20 15 12 12 10 9 14 11 6 8 20 15 11 8 20 14 26 11 27 21 25 24 28 38 38 42 57 73 116 208 612727 
A-T
691995 22 17 10 8 6 1 3 2 1 1 2 3 6 3 1 1 1 0 1 0 0 0 0 0 0 0 0 0 2 0 1 1 3 0 1 4 0 3 0 3 1 0 3 1 1 3 2 5 5 14 6 14 18 612727 
C-G
661019 53 26 25 16 9 15 5 6 9 8 6 6 5 2 4 4 2 4 3 2 1 2 1 2 0 1 0 5 2 3 5 3 1 2 5 3 4 5 4 2 3 6 3 4 7 9 12 18 15 18 41 43 66 839959 
C-T
691995 177 82 48 51 38 21 25 19 15 21 14 14 19 12 15 9 19 9 8 14 10 15 17 15 17 17 19 10 6 21 12 12 14 15 16 27 25 20 27 15 33 35 43 57 27 57 88 101 114 142 188 302 560 839959 
G-T
691995 44 25 14 14 7 6 4 8 4 3 14 1 0 1 1 2 2 1 1 1 0 2 1 2 3 0 1 1 2 0 1 4 0 1 8 4 3 1 1 2 4 5 5 5 2 4 9 14 16 15 15 35 53 661019 

Homo_sapiens_afr
A-C
845533 92 35 41 36 45 615878 
A-G
666393 904 368 200 175 325 615878 
A-T
694569 37 11 12 10 42 615878 
C-G
666393 97 45 35 75 143 845533 
C-T
694569 245 167 184 333 787 845533 
G-T
694569 72 40 31 40 135 666393 

Homo_sapiens_nonAfr
A-C
845701 37 37 14 16 5 16 17 32 14 19 38 615966 
A-G
666455 520 251 141 130 95 104 76 97 105 113 148 615966 
A-T
694604 22 5 6 4 4 2 9 6 8 5 30 615966 
C-G
666455 47 36 18 23 14 13 14 23 33 40 60 845701 
C-T
694604 146 85 80 72 81 93 88 121 135 183 424 845701 
G-T
694604 40 27 19 15 15 16 26 10 24 26 57 666455 

Pan_paniscus
A-C
844431 76 26 15 11 8 5 2 4 0 3 1 1 3 1 1 0 9 1 1 5 3 7 20 17 60 615217 
A-G
665216 770 378 207 123 73 67 36 28 23 20 20 18 22 17 14 11 24 22 27 28 33 36 57 99 269 615217 
A-T
693948 22 18 6 1 4 2 2 1 1 1 1 3 0 4 0 1 1 3 1 1 0 7 12 8 34 615217 
C-G
665216 62 39 24 16 2 5 5 3 2 2 4 2 5 5 3 2 3 5 9 10 14 19 26 31 110 844431 
C-T
693948 163 95 49 31 15 23 19 13 18 13 6 14 18 11 17 18 32 33 40 52 64 119 147 290 604 844431 
G-T
693948 38 22 13 14 5 1 4 4 4 4 0 0 1 0 2 1 4 3 3 7 5 10 24 31 80 665216 

Pan_troglodytes_ellioti
A-C
843715 110 49 24 27 14 14 3 12 12 5 8 13 19 4 10 13 18 30 99 614656 
A-G
664742 1224 575 268 202 134 111 93 103 72 78 55 56 64 69 71 70 110 175 358 614656 
A-T
693631 39 20 14 9 4 3 6 2 6 4 0 6 7 8 7 14 16 17 45 614656 
C-G
664742 109 43 31 25 12 8 15 11 11 12 16 7 21 16 21 29 40 52 153 843715 
C-T
693631 278 135 80 80 63 59 42 49 50 51 58 93 73 85 115 193 222 467 1101 843715 
G-T
693631 98 37 26 9 9 9 7 11 8 9 5 18 13 12 15 23 22 40 99 664742 

Pan_troglodytes_schweinfurthii
A-C
843458 105 38 28 28 23 10 9 15 26 36 59 614403 
A-G
664327 1055 515 315 249 156 142 131 133 138 171 312 614403 
A-T
693337 32 21 15 10 6 4 15 10 23 22 45 614403 
C-G
664327 85 42 37 24 22 19 21 23 46 89 144 843458 
C-T
693337 235 145 134 117 79 120 119 158 270 425 791 843458 
G-T
693337 64 39 27 23 14 16 18 21 35 55 97 664327 

Pan_troglodytes_troglodytes
A-C
843310 184 35 21 15 35 34 116 614292 
A-G
664183 1668 481 238 144 156 157 525 614292 
A-T
693270 82 22 7 9 7 24 63 614292 
C-G
664183 122 46 45 27 34 68 179 843310 
C-T
693270 305 164 93 135 191 446 1292 843310 
G-T
693270 135 34 14 17 27 53 180 664183 

Pan_troglodytes_verus
A-C
844759 76 24 16 14 8 7 11 14 76 615125 
A-G
665810 776 246 135 87 69 78 65 85 335 615125 
A-T
693893 34 13 2 6 4 4 8 10 26 615125 
C-G
665810 88 38 18 9 12 16 11 50 93 844759 
C-T
693893 263 94 63 67 58 66 117 167 604 844759 
G-T
693893 71 16 15 5 9 15 10 29 91 665810 

Pongo_abelii
A-C
842548 94 69 29 31 36 41 27 23 64 615164 
A-G
663805 1124 673 441 286 247 228 222 293 466 615164 
A-T
694268 39 21 12 5 17 14 13 20 40 615164 
C-G
663805 89 54 47 43 45 38 64 81 137 842548 
C-T
694268 349 192 193 172 184 240 326 531 1005 842548 
G-T
694268 82 66 27 34 31 27 40 60 101 663805 

Pongo_pygmaeus
A-C
843480 70 35 28 30 40 27 33 23 47 615573 
A-G
664912 626 407 269 257 187 192 204 234 279 615573 
A-T
694666 34 12 14 7 5 15 11 9 28 615573 
C-G
664912 48 47 40 39 57 28 27 53 81 843480 
C-T
694666 252 179 170 157 155 239 251 320 551 843480 
G-T
694666 49 45 29 23 25 21 20 48 60 664912 
